0000	31 37 0d 0a 6d 65 74 68  79 6c 70 68 65 6e 79 6c   17..methylphenyl
0010	73 75 6c 66 6f 78 69 64  65 20 69 6e 69 74 69 61   sulfoxide initia
0020	6c 20 67 65 6f 6d 65 74  72 79 20 28 52 44 4b 69   l geometry (RDKi
0030	74 20 4d 4d 46 46 29 0d  0a 43 20 20 20 20 20 20   t MMFF)..C      
0040	20 32 2e 36 35 38 35 31  38 20 20 20 20 20 20 30    2.658518      0
0050	2e 31 30 33 31 36 39 20  20 20 20 20 2d 30 2e 35   .103169     -0.5
0060	34 39 33 37 38 0d 0a 53  20 20 20 20 20 20 20 31   49378..S       1
0070	2e 38 35 35 32 31 33 20  20 20 20 20 20 30 2e 35   .855213      0.5
0080	37 38 37 33 39 20 20 20  20 20 20 31 2e 30 30 32   78739      1.002
0090	39 33 39 0d 0a 4f 20 20  20 20 20 20 20 32 2e 31   939..O       2.1
00a0	38 39 34 34 34 20 20 20  20 20 2d 30 2e 34 37 36   89444     -0.476
00b0	36 30 31 20 20 20 20 20  20 32 2e 30 31 36 37 34   601      2.01674
00c0	39 0d 0a 43 20 20 20 20  20 20 20 30 2e 31 35 35   9..C       0.155
00d0	35 30 32 20 20 20 20 20  20 30 2e 32 35 31 38 38   502      0.25188
00e0	36 20 20 20 20 20 20 30  2e 34 38 31 31 35 30 0d   6      0.481150.
00f0	0a 43 20 20 20 20 20 20  2d 30 2e 35 31 39 33 37   .C      -0.51937
0100	35 20 20 20 20 20 2d 30  2e 38 39 36 34 33 35 20   5     -0.896435 
0110	20 20 20 20 20 30 2e 39  30 37 37 34 32 0d 0a 43        0.907742..C
0120	20 20 20 20 20 20 2d 31  2e 38 33 32 32 33 38 20         -1.832238 
0130	20 20 20 20 2d 31 2e 31  33 34 31 34 34 20 20 20       -1.134144   
0140	20 20 20 30 2e 34 39 36  39 34 39 0d 0a 43 20 20      0.496949..C  
0150	20 20 20 20 2d 32 2e 34  37 38 30 32 37 20 20 20       -2.478027   
0160	20 20 2d 30 2e 32 32 32  39 38 31 20 20 20 20 20     -0.222981     
0170	2d 30 2e 33 33 37 34 38  30 0d 0a 43 20 20 20 20   -0.337480..C    
0180	20 20 2d 31 2e 38 31 34  33 31 37 20 20 20 20 20     -1.814317     
0190	20 30 2e 39 32 38 33 33  38 20 20 20 20 20 2d 30    0.928338     -0
01a0	2e 37 35 39 32 37 39 0d  0a 43 20 20 20 20 20 20   .759279..C      
01b0	2d 30 2e 35 30 31 30 31  31 20 20 20 20 20 20 31   -0.501011      1
01c0	2e 31 36 37 37 33 32 20  20 20 20 20 2d 30 2e 33   .167732     -0.3
01d0	34 39 34 32 30 0d 0a 48  20 20 20 20 20 20 20 32   49420..H       2
01e0	2e 33 37 34 39 37 34 20  20 20 20 20 2d 30 2e 39   .374974     -0.9
01f0	31 36 34 37 34 20 20 20  20 20 2d 30 2e 38 32 32   16474     -0.822
0200	30 31 30 0d 0a 48 20 20  20 20 20 20 20 32 2e 33   010..H       2.3
0210	37 32 33 39 35 20 20 20  20 20 20 30 2e 37 39 38   72395      0.798
0220	37 30 36 20 20 20 20 20  2d 31 2e 33 34 31 38 30   706     -1.34180
0230	38 0d 0a 48 20 20 20 20  20 20 20 33 2e 37 34 30   8..H       3.740
0240	37 39 37 20 20 20 20 20  20 30 2e 31 34 39 39 35   797      0.14995
0250	38 20 20 20 20 20 2d 30  2e 34 30 36 30 31 38 0d   8     -0.406018.
0260	0a 48 20 20 20 20 20 20  2d 30 2e 30 32 36 36 36   .H      -0.02666
0270	30 20 20 20 20 20 2d 31  2e 36 31 31 30 37 30 20   0     -1.611070 
0280	20 20 20 20 20 31 2e 35  36 34 31 34 35 0d 0a 48        1.564145..H
0290	20 20 20 20 20 20 2d 32  2e 33 35 30 35 34 39 20         -2.350549 
02a0	20 20 20 20 2d 32 2e 30  32 38 39 31 37 20 20 20       -2.028917   
02b0	20 20 20 30 2e 38 33 32  35 36 32 0d 0a 48 20 20      0.832562..H  
02c0	20 20 20 20 2d 33 2e 35  30 31 35 34 30 20 20 20       -3.501540   
02d0	20 20 2d 30 2e 34 30 38  32 36 32 20 20 20 20 20     -0.408262     
02e0	2d 30 2e 36 35 34 30 35  30 0d 0a 48 20 20 20 20   -0.654050..H    
02f0	20 20 2d 32 2e 33 32 32  32 36 37 20 20 20 20 20     -2.322267     
0300	20 31 2e 36 34 31 36 31  32 20 20 20 20 20 2d 31    1.641612     -1
0310	2e 34 30 33 36 32 31 0d  0a 48 20 20 20 20 20 20   .403621..H      
0320	2d 30 2e 30 30 30 38 35  39 20 20 20 20 20 20 32   -0.000859      2
0330	2e 30 37 34 37 34 36 20  20 20 20 20 2d 30 2e 36   .074746     -0.6
0340	37 39 31 37 34 0d 0a                               79174..
